5316 9863 17 4875 8549 8054 3964 2239 9823 6496 
7568 5207 743 6576 2768 9184 9771 578 7476 1944 
2872 4320 1794 3615 7248 914 2800 7020 1492 6628 
8561 8803 1859 2618 6270 6838 5655 1344 3690 2407 
7931 6562 3079 6078 6529 328 6992 9329 7348 8485 
8370 3389 3207 2334 8036 9088 3690 5417 2532 9970 
8980 9011 4056 7466 4978 6685 8722 500 6752 235 
5957 9016 4700 2327 3891 3249 6733 7855 1840 6556 
704 402 5360 2563 9372 7982 9401 5027 5678 3091 
6478 7734 8486 9615 6277 4904 5521 3714 1512 6020 
